Iteration	CPUTime	PhysTime	Travels	Value	AvValue	MinValue	MaxValue	Delta	Criteria	PrevAvRefValue	Progress	CriteriaType	CriteriaVarType	CriteriaPercentage
1	4	0	0.0134189	180018.599	180018.599	180018.599	180018.599	0	0	0	0	0	0	3
2	4	0	0.0268378	111707.84	145863.219	111707.84	180018.599	34155.3795	0	0	0	0	0	3
3	4	0	0.0402567	113157.923	134961.454	111707.84	180018.599	45057.1449	0	0	0	0	0	3
4	5	0	0.0536756	109466.74	128587.775	109466.74	180018.599	51430.8234	0	0	0	0	0	3
5	5	0	0.0670945	110916.122	125053.445	109466.74	180018.599	54965.154	0	0	0	0	0	3
6	5	0	0.0805134	109550.343	122469.594	109466.74	180018.599	57549.0043	0	0	0	0	0	3
7	5	0	0.0939323	109643.481	120637.293	109466.74	180018.599	59381.3063	0	0	0	0	0	3
8	6	0	0.1073512	109038.103	119187.394	109038.103	180018.599	60831.205	0	0	0	0	0	3
9	6	0	0.1207701	109121.054	118068.912	109038.103	180018.599	61949.6872	0	0	0	0	0	3
10	6	0	0.134189	109007.267	117162.747	109007.267	180018.599	62855.8516	0	0	0	0	0	3
11	6	0	0.1476079	109262.784	116444.569	109007.267	180018.599	63574.0301	0	0	0	0	0	3
12	7	0	0.1610268	109443.763	115861.168	109007.267	180018.599	64157.4306	0	0	0	0	0	3
13	7	0	0.1744457	109638.287	115382.485	109007.267	180018.599	64636.1137	0	0	0	0	0	3
14	7	0	0.1878646	109676.811	114974.937	109007.267	180018.599	65043.6619	0	0	0	0	0	3
15	7	0	0.2012835	109751.567	114626.712	109007.267	180018.599	65391.8866	0	0	0	0	0	3
16	8	0	0.2147024	109639.844	114315.033	109007.267	180018.599	65703.5658	0	0	0	0	0	3
17	8	0	0.2281213	109627.784	114039.312	109007.267	180018.599	65979.2863	0	0	0	0	0	3
18	8	0	0.2415402	109565.672	113790.777	109007.267	180018.599	66227.8219	0	0	0	0	0	3
19	8	0	0.2549591	109506.131	113565.269	109007.267	180018.599	66453.3296	0	0	0	0	0	3
20	9	0	0.268378	109463.409	113360.176	109007.267	180018.599	66658.4226	0	0	0	0	0	3
21	9	0	0.2817969	109296.406	113166.663	109007.267	180018.599	66851.9354	0	0	0	0	0	3
22	9	0	0.2952158	109240.725	112988.212	109007.267	180018.599	67030.3872	0	0	0	0	0	3
23	9	0	0.3086347	109172.483	112822.31	109007.267	180018.599	67196.2884	0	0	0	0	0	3
24	10	0	0.3220536	109089.085	112666.759	109007.267	180018.599	67351.8395	0	0	0	0	0	3
25	10	0	0.3354725	108992.649	112519.795	108992.649	180018.599	67498.8039	0	0	0	0	0	3
26	10	0	0.3488914	108800.278	112376.737	108800.278	180018.599	67641.8622	0	0	0	0	0	3
27	11	0	0.3623103	108656.158	112238.937	108656.158	180018.599	67779.6614	0	0	0	0	0	3
28	11	0	0.3757292	108521.035	112106.155	108521.035	180018.599	67912.4437	0	0	0	0	0	3
29	11	0	0.3891481	108431.098	111979.429	108431.098	180018.599	68039.1698	0	0	0	0	0	3
30	11	0	0.402567	108347.809	111858.375	108347.809	180018.599	68160.2238	0	0	0	0	0	3
31	12	0	0.4159859	108235.645	111741.513	108235.645	180018.599	68277.086	0	0	0	0	0	3
32	12	0	0.4294048	108205.137	111631.001	108205.137	180018.599	68387.5978	0	0	0	0	0	3
33	12	0	0.4428237	108224.506	111527.774	108205.137	180018.599	68490.8249	0	0	0	0	0	3
34	12	0	0.4562426	108265.744	111431.832	108205.137	180018.599	68586.767	0	0	0	0	0	3
35	13	0	0.4696615	108299.876	111342.347	108205.137	180018.599	68676.2514	0	0	0	0	0	3
36	13	0	0.4830804	108255.599	111256.604	108205.137	180018.599	68761.9945	0	0	0	0	0	3
37	13	0	0.4964993	108204.341	111174.111	108204.341	180018.599	68844.4881	0	0	0	0	0	3
38	13	0	0.5099182	108126.634	111093.914	108126.634	180018.599	68924.6848	0	0	0	0	0	3
39	14	0	0.5233371	108010.312	109198.959	108010.312	113157.923	5147.61079	0	0	0	0	0	3
40	14	0	0.536756	107903.955	109098.857	107903.955	113157.923	5253.96803	0	0	0	0	0	3
41	14	0	0.5501749	107794.754	108957.721	107794.754	110916.122	3121.36884	0	0	0	0	0	3
42	14	0	0.5635938	107752.403	108912.607	107752.403	110916.122	3163.71981	0	0	0	0	0	3
43	15	0	0.5770127	107748.969	108829.26	107748.969	109751.567	2002.59766	0	0	0	0	0	3
44	15	0	0.5904316	107754.575	108782.003	107748.969	109751.567	2002.59766	0	0	0	0	0	3
45	15	0	0.6038505	107760.601	108732.454	107748.969	109751.567	2002.59766	0	0	0	0	0	3
46	15	0	0.6172694	107759.708	108698.812	107748.969	109751.567	2002.59766	0	0	0	0	0	3
47	16	0	0.6306883	107747.269	108662.66	107747.269	109751.567	2004.2978	0	0	0	0	0	3
48	16	0	0.6441072	107729.649	108629.038	107729.649	109751.567	2021.91716	0	0	0	0	0	3
49	16	0	0.6575261	107710.037	108588.176	107710.037	109751.567	2041.52933	0	0	0	0	0	3
50	16	0	0.670945	107698.647	108542.252	107698.647	109751.567	2052.91959	0	0	0	0	0	3
51	17	0	0.6843639	107683.017	108490.798	107683.017	109751.567	2068.55006	0	0	0	0	0	3
52	17	0	0.6977828	107675.931	108438.143	107675.931	109751.567	2075.63578	0	0	0	0	0	3
53	17	0	0.7112017	107664.327	108383.216	107664.327	109639.844	1975.51756	0	0	0	0	0	3
54	17	0	0.7246206	107652.994	108330.93	107652.994	109627.784	1974.79033	0	0	0	0	0	3
55	18	0	0.7380395	107644.137	108278.729	107644.137	109565.672	1921.53582	0	0	0	0	0	3
56	18	0	0.7514584	107642.501	108228.119	107642.501	109506.131	1863.63021	0	0	0	0	0	3
57	18	0	0.7648773	107650.301	108179.282	107642.501	109463.409	1820.90812	0	0	0	0	0	3
58	18	0	0.7782962	107653.922	108131.664	107642.501	109296.406	1653.90537	0	0	0	0	0	3
59	19	0	0.7917151	107659.16	108088.578	107642.501	109240.725	1598.22428	0	0	0	0	0	3
60	19	0	0.805134	107662.403	108047.043	107642.501	109172.483	1529.98173	0	0	0	0	0	3
61	19	0	0.8185529	107666.369	108007.409	107642.501	109089.085	1446.58428	0	0	0	0	0	3
62	19	0	0.8319718	107670.19	107970.069	107642.501	108992.649	1350.14813	0	0	0	0	0	3
63	20	0	0.8453907	107669.344	107935.246	107642.501	108800.278	1157.77751	0	0	0	0	0	3
64	20	0	0.8588096	107659.809	107905.233	107642.501	108656.158	1013.65692	0	0	0	0	0	3
65	20	0	0.8722285	107652.321	107878.816	107642.501	108521.035	878.533697	0	0	0	0	0	3
66	20	0	0.8856474	107647.204	107855.821	107642.501	108431.098	788.596665	0	0	0	0	0	3
67	21	0	0.8990663	107631.542	107834.78	107631.542	108347.809	716.266574	0	0	0	0	0	3
68	21	0	0.9124852	107614.872	107815.492	107614.872	108299.876	685.003976	0	0	0	0	0	3
69	21	0	0.9259041	107599.512	107798.752	107599.512	108299.876	700.363633	0	0	0	0	0	3
70	21	0	0.939323	107598.475	107782.787	107598.475	108299.876	701.401042	0	0	0	0	0	3
71	22	0	0.9527419	107595.753	107766.241	107595.753	108299.876	704.122969	0	0	0	0	0	3
72	22	0	0.9661608	107593.011	107748.537	107593.011	108299.876	706.864199	0	0	0	0	0	3
73	22	0	0.9795797	107597.511	107730.054	107593.011	108255.599	662.587598	0	0	0	0	0	3
74	22	0	0.9929986	107605.297	107712.941	107593.011	108204.341	611.329245	0	0	0	0	0	3
75	23	0	1.0064175	107611.242	107697.333	107593.011	108126.634	533.62291	166.947345	0	31.2	0	0	3
76	23	0	1.0198364	107620.708	107684.019	107593.011	108010.312	417.300705	166.947345	0	40	0	0	3
77	23	0	1.0332553	107630.557	107674.026	107593.011	107903.955	310.94347	166.947345	0	53.6	0	0	3
78	23	0	1.0466742	107637.657	107667.018	107593.011	107794.754	201.742119	166.947345	0	82.7	0	0	3
79	24	0	1.0600931	107642.44	107663.01	107593.011	107760.601	167.589991	166.947345	0	99.6	0	0	3
80	24	0	1.073512	107648.377	107660.272	107593.011	107760.601	167.589991	166.947345	0	99.6	0	0	3
81	24	0	1.0869309	107645.604	107657.552	107593.011	107760.601	167.589991	166.947345	0	99.6	0	0	3
82	25	0	1.1003498	107634.782	107654.399	107593.011	107760.601	167.589991	166.947345	0	99.6	0	0	3
83	25	0	1.1137687	107628.409	107650.921	107593.011	107759.708	166.696436	166.947345	0	100	0	0	3
84	25	0	1.1271876	107616.618	107647.155	107593.011	107747.269	154.257391	166.947345	0	100	0	0	3
85	25	0	1.1406065	107597.849	107643.223	107593.011	107729.649	136.638033	166.947345	0	100	0	0	3
86	26	0	1.1540254	107587.179	107639.474	107587.179	107710.037	122.858489	166.947345	0	100	0	0	3
87	26	0	1.1674443	107579.25	107636.032	107579.25	107698.647	119.397145	166.947345	0	100	0	0	3
88	26	0	1.1808632	107572.075	107632.701	107572.075	107683.017	110.941433	166.947345	0	100	0	0	3
89	27	0	1.1942821	107570.92	107629.751	107570.92	107675.931	105.010626	166.947345	0	100	0	0	3
90	27	0	1.207701	107574.024	107627.07	107570.92	107670.19	99.2695323	166.947345	0	100	0	0	3
91	27	0	1.2211199	107574.057	107624.694	107570.92	107670.19	99.2695323	166.947345	0	100	0	0	3
92	27	0	1.2345388	107581.841	107622.822	107570.92	107670.19	99.2695323	166.947345	0	100	0	0	3
93	28	0	1.2479577	107584.041	107621.24	107570.92	107670.19	99.2695323	166.947345	0	100	0	0	3
94	28	0	1.2613766	107590.315	107619.867	107570.92	107670.19	99.2695323	166.947345	0	100	0	0	3
95	28	0	1.2747955	107597.441	107618.476	107570.92	107670.19	99.2695323	166.947345	0	100	0	0	3
96	28	0	1.2882144	107605.431	107617.2	107570.92	107670.19	99.2695323	166.947345	0	100	0	0	3
97	29	0	1.3016333	107614.76	107616.031	107570.92	107670.19	99.2695323	166.947345	0	100	0	0	3
98	29	0	1.3150522	107617.856	107614.859	107570.92	107670.19	99.2695323	166.947345	0	100	0	0	3
99	29	0	1.3284711	107610.174	107613.38	107570.92	107670.19	99.2695323	166.947345	0	100	0	0	3
100	29	0	1.34189	107604.659	107611.656	107570.92	107669.344	98.4239161	166.947345	0	100	0	0	3
101	30	0	1.3553089	107599.106	107609.807	107570.92	107659.809	88.8887463	166.947345	0	100	0	0	3
