Iteration	CPUTime	PhysTime	Travels	Value	AvValue	MinValue	MaxValue	Delta	Criteria	PrevAvRefValue	Progress	CriteriaType	CriteriaVarType	CriteriaPercentage
1	4	0	0.0134189	1.85732618e-05	1.85732618e-05	1.85732618e-05	1.85732618e-05	0	0	0	0	0	0	3
2	4	0	0.0268378	3.48119085e-08	9.30403686e-06	3.48119085e-08	1.85732618e-05	9.26922495e-06	0	0	0	0	0	3
3	4	0	0.0402567	-6.59919198e-08	6.18069394e-06	-6.59919198e-08	1.85732618e-05	1.23925679e-05	0	0	0	0	0	3
4	5	0	0.0536756	5.04927294e-08	4.64814363e-06	-6.59919198e-08	1.85732618e-05	1.39251182e-05	0	0	0	0	0	3
5	5	0	0.0670945	-8.04388224e-08	3.70242714e-06	-8.04388224e-08	1.85732618e-05	1.48708347e-05	0	0	0	0	0	3
6	5	0	0.0805134	1.3596626e-07	3.108017e-06	-8.04388224e-08	1.85732618e-05	1.54652448e-05	0	0	0	0	0	3
7	5	0	0.0939323	-2.69541597e-07	2.62550863e-06	-2.69541597e-07	1.85732618e-05	1.59477532e-05	0	0	0	0	0	3
8	6	0	0.1073512	3.82870465e-07	2.34517886e-06	-2.69541597e-07	1.85732618e-05	1.6228083e-05	0	0	0	0	0	3
9	6	0	0.1207701	-2.4001662e-07	2.05793491e-06	-2.69541597e-07	1.85732618e-05	1.65153269e-05	0	0	0	0	0	3
10	6	0	0.134189	2.09842323e-07	1.87312565e-06	-2.69541597e-07	1.85732618e-05	1.67001362e-05	0	0	0	0	0	3
11	6	0	0.1476079	-9.02492475e-08	1.69463703e-06	-2.69541597e-07	1.85732618e-05	1.68786248e-05	0	0	0	0	0	3
12	7	0	0.1610268	6.39068199e-08	1.55874284e-06	-2.69541597e-07	1.85732618e-05	1.7014519e-05	0	0	0	0	0	3
13	7	0	0.1744457	7.00088707e-08	1.44422485e-06	-2.69541597e-07	1.85732618e-05	1.7129037e-05	0	0	0	0	0	3
14	7	0	0.1878646	8.1770218e-08	1.34690666e-06	-2.69541597e-07	1.85732618e-05	1.72263552e-05	0	0	0	0	0	3
15	7	0	0.2012835	4.52743014e-08	1.26013117e-06	-2.69541597e-07	1.85732618e-05	1.73131306e-05	0	0	0	0	0	3
16	8	0	0.2147024	3.11686436e-08	1.18332101e-06	-2.69541597e-07	1.85732618e-05	1.73899408e-05	0	0	0	0	0	3
17	8	0	0.2281213	-2.03537481e-08	1.11251661e-06	-2.69541597e-07	1.85732618e-05	1.74607452e-05	0	0	0	0	0	3
18	8	0	0.2415402	8.65367455e-09	1.05119089e-06	-2.69541597e-07	1.85732618e-05	1.75220709e-05	0	0	0	0	0	3
19	8	0	0.2549591	-1.80285101e-08	9.94916188e-07	-2.69541597e-07	1.85732618e-05	1.75783456e-05	0	0	0	0	0	3
20	9	0	0.268378	-2.37911489e-08	9.43980821e-07	-2.69541597e-07	1.85732618e-05	1.7629281e-05	0	0	0	0	0	3
21	9	0	0.2817969	-2.94100718e-08	8.97628874e-07	-2.69541597e-07	1.85732618e-05	1.76756329e-05	0	0	0	0	0	3
22	9	0	0.2952158	-3.90200147e-08	8.55053924e-07	-2.69541597e-07	1.85732618e-05	1.77182079e-05	0	0	0	0	0	3
23	9	0	0.3086347	-1.32519463e-08	8.17301495e-07	-2.69541597e-07	1.85732618e-05	1.77559603e-05	0	0	0	0	0	3
24	10	0	0.3220536	-4.15228011e-08	7.81517149e-07	-2.69541597e-07	1.85732618e-05	1.77917447e-05	0	0	0	0	0	3
25	10	0	0.3354725	-4.38777398e-08	7.48501354e-07	-2.69541597e-07	1.85732618e-05	1.78247605e-05	0	0	0	0	0	3
26	10	0	0.3488914	-2.90426506e-08	7.18595815e-07	-2.69541597e-07	1.85732618e-05	1.7854666e-05	0	0	0	0	0	3
27	11	0	0.3623103	-1.02506765e-07	6.88184608e-07	-2.69541597e-07	1.85732618e-05	1.78850772e-05	0	0	0	0	0	3
28	11	0	0.3757292	-3.32491986e-08	6.62419115e-07	-2.69541597e-07	1.85732618e-05	1.79108427e-05	0	0	0	0	0	3
29	11	0	0.3891481	-4.65579334e-08	6.37971631e-07	-2.69541597e-07	1.85732618e-05	1.79352902e-05	0	0	0	0	0	3
30	11	0	0.402567	-3.13029894e-08	6.15662477e-07	-2.69541597e-07	1.85732618e-05	1.79575993e-05	0	0	0	0	0	3
31	12	0	0.4159859	-1.95037254e-08	5.95173245e-07	-2.69541597e-07	1.85732618e-05	1.79780886e-05	0	0	0	0	0	3
32	12	0	0.4294048	-3.84959414e-08	5.75371082e-07	-2.69541597e-07	1.85732618e-05	1.79978907e-05	0	0	0	0	0	3
33	12	0	0.4428237	2.54725985e-09	5.58012785e-07	-2.69541597e-07	1.85732618e-05	1.8015249e-05	0	0	0	0	0	3
34	12	0	0.4562426	2.20682081e-08	5.42249709e-07	-2.69541597e-07	1.85732618e-05	1.80310121e-05	0	0	0	0	0	3
35	13	0	0.4696615	5.35831461e-08	5.28287807e-07	-2.69541597e-07	1.85732618e-05	1.8044974e-05	0	0	0	0	0	3
36	13	0	0.4830804	1.705009e-07	5.18349282e-07	-2.69541597e-07	1.85732618e-05	1.80549125e-05	0	0	0	0	0	3
37	13	0	0.4964993	5.25361459e-07	5.185388e-07	-2.69541597e-07	1.85732618e-05	1.80549125e-05	0	0	0	0	0	3
38	13	0	0.5099182	2.70570809e-07	5.12013327e-07	-2.69541597e-07	1.85732618e-05	1.80612485e-05	0	0	0	0	0	3
39	14	0	0.5233371	9.13020068e-08	2.56459635e-08	-2.69541597e-07	5.25361459e-07	7.94903055e-07	0	0	0	0	0	3
40	14	0	0.536756	-1.42285125e-07	2.09855152e-08	-2.69541597e-07	5.25361459e-07	7.94903055e-07	0	0	0	0	0	3
41	14	0	0.5501749	-5.84956358e-07	7.32855629e-09	-5.84956358e-07	5.25361459e-07	1.11031782e-06	0	0	0	0	0	3
42	14	0	0.5635938	-1.63736736e-06	-3.70888145e-08	-1.63736736e-06	5.25361459e-07	2.16272882e-06	0	0	0	0	0	3
43	15	0	0.5770127	-1.50832259e-06	-7.4664703e-08	-1.63736736e-06	5.25361459e-07	2.16272882e-06	0	0	0	0	0	3
44	15	0	0.5904316	-1.04953905e-06	-1.05862211e-07	-1.63736736e-06	5.25361459e-07	2.16272882e-06	0	0	0	0	0	3
45	15	0	0.6038505	-6.95878377e-07	-1.170816e-07	-1.63736736e-06	5.25361459e-07	2.16272882e-06	0	0	0	0	0	3
46	15	0	0.6172694	-7.95027268e-07	-1.48078909e-07	-1.63736736e-06	5.25361459e-07	2.16272882e-06	0	0	0	0	0	3
47	16	0	0.6306883	-5.65850951e-07	-1.56653497e-07	-1.63736736e-06	5.25361459e-07	2.02977915e-06	0	0	0	0	0	3
48	16	0	0.6441072	-9.32985372e-08	-1.64630888e-07	-1.63736736e-06	5.25361459e-07	1.85926791e-06	0	0	0	0	0	3
49	16	0	0.6575261	3.77497573e-08	-1.61262493e-07	-1.63736736e-06	5.25361459e-07	1.72337373e-06	0	0	0	0	0	3
50	16	0	0.670945	9.98160798e-08	-1.60317512e-07	-1.63736736e-06	5.25361459e-07	1.60885573e-06	0	0	0	0	0	3
51	17	0	0.6843639	2.03418318e-07	-1.56806737e-07	-1.63736736e-06	5.25361459e-07	1.51153755e-06	0	0	0	0	0	3
52	17	0	0.6977828	1.05222597e-07	-1.5618957e-07	-1.63736736e-06	5.25361459e-07	1.42476205e-06	0	0	0	0	0	3
53	17	0	0.7112017	3.69628669e-08	-1.56408292e-07	-1.63736736e-06	5.25361459e-07	1.3479519e-06	0	0	0	0	0	3
54	17	0	0.7246206	-2.40186444e-07	-1.63549215e-07	-1.63736736e-06	5.25361459e-07	1.2771475e-06	0	0	0	0	0	3
55	18	0	0.7380395	-4.48260165e-07	-1.7480991e-07	-1.63736736e-06	5.25361459e-07	1.2260008e-06	0	0	0	0	0	3
56	18	0	0.7514584	-2.73550303e-07	-1.82236331e-07	-1.63736736e-06	5.25361459e-07	1.17715252e-06	0	0	0	0	0	3
57	18	0	0.7648773	-2.68263007e-07	-1.88821449e-07	-1.63736736e-06	5.25361459e-07	1.13280227e-06	0	0	0	0	0	3
58	18	0	0.7782962	-2.32668806e-07	-1.94318229e-07	-1.63736736e-06	5.25361459e-07	1.0919471e-06	0	0	0	0	0	3
59	19	0	0.7917151	-3.69877614e-07	-2.03277901e-07	-1.63736736e-06	5.25361459e-07	1.05833183e-06	0	0	0	0	0	3
60	19	0	0.805134	-9.79344498e-08	-2.04828281e-07	-1.63736736e-06	5.25361459e-07	1.02212978e-06	0	0	0	0	0	3
61	19	0	0.8185529	1.13246524e-07	-2.01499374e-07	-1.63736736e-06	5.25361459e-07	9.86345431e-07	0	0	0	0	0	3
62	19	0	0.8319718	2.02328782e-07	-1.95082227e-07	-1.63736736e-06	5.25361459e-07	9.53329635e-07	0	0	0	0	0	3
63	20	0	0.8453907	1.5588534e-07	-1.89825304e-07	-1.63736736e-06	5.25361459e-07	9.23424096e-07	0	0	0	0	0	3
64	20	0	0.8588096	1.86289689e-07	-1.84158664e-07	-1.63736736e-06	5.25361459e-07	8.9301289e-07	0	0	0	0	0	3
65	20	0	0.8722285	7.17997553e-08	-1.7957165e-07	-1.63736736e-06	5.25361459e-07	8.67247397e-07	0	0	0	0	0	3
66	20	0	0.8856474	5.289465e-08	-1.77304707e-07	-1.63736736e-06	5.25361459e-07	8.42799912e-07	0	0	0	0	0	3
67	21	0	0.8990663	1.28800054e-08	-1.7574055e-07	-1.63736736e-06	5.25361459e-07	8.20490758e-07	0	0	0	0	0	3
68	21	0	0.9124852	-3.65256291e-08	-1.75877988e-07	-1.63736736e-06	5.25361459e-07	8.00001526e-07	0	0	0	0	0	3
69	21	0	0.9259041	-1.4671878e-07	-1.79225753e-07	-1.63736736e-06	5.25361459e-07	7.80199364e-07	0	0	0	0	0	3
70	21	0	0.939323	-2.47727348e-07	-1.84731842e-07	-1.63736736e-06	5.25361459e-07	7.62841066e-07	0	0	0	0	0	3
71	22	0	0.9527419	-5.89092659e-07	-2.00301314e-07	-1.63736736e-06	5.25361459e-07	7.4707799e-07	0	0	0	0	0	3
72	22	0	0.9661608	-6.86681677e-07	-2.18952627e-07	-1.63736736e-06	5.25361459e-07	7.47240434e-07	0	0	0	0	0	3
73	22	0	0.9795797	-6.31177487e-07	-2.36972643e-07	-1.63736736e-06	5.25361459e-07	7.55511444e-07	0	0	0	0	0	3
74	22	0	0.9929986	-2.59616854e-07	-2.48291532e-07	-1.63736736e-06	5.25361459e-07	7.66830332e-07	0	0	0	0	0	3
75	23	0	1.0064175	-1.92057914e-07	-2.67170989e-07	-1.63736736e-06	2.70570809e-07	7.79184316e-07	0.0299998945	0	100	0	0	3
76	23	0	1.0198364	-6.36709067e-08	-2.75966823e-07	-1.63736736e-06	2.03418318e-07	3.01612787e-07	0.0299998945	0	100	0	0	3
77	23	0	1.0332553	-3.7760299e-08	-2.793632e-07	-1.63736736e-06	2.03418318e-07	3.00348715e-07	0.0299998945	0	100	0	0	3
78	23	0	1.0466742	1.0115921e-07	-2.7295677e-07	-1.63736736e-06	2.03418318e-07	2.86691756e-07	0.0299998945	0	100	0	0	3
79	24	0	1.0600931	2.28550204e-07	-2.51548703e-07	-1.63736736e-06	2.28550204e-07	2.42274385e-07	0.0299998945	0	100	0	0	3
80	24	0	1.073512	3.35553517e-07	-1.99629732e-07	-1.50832259e-06	3.35553517e-07	2.04698497e-07	0.0299998945	0	100	0	0	3
81	24	0	1.0869309	7.54136603e-07	-1.40091332e-07	-1.04953905e-06	7.54136603e-07	1.73500989e-07	0.0299998945	0	100	0	0	3
82	25	0	1.1003498	6.86955997e-07	-9.43940942e-08	-7.95027268e-07	7.54136603e-07	1.84969106e-07	0.0299998945	0	100	0	0	3
83	25	0	1.1137687	2.69185309e-07	-6.89976814e-08	-7.95027268e-07	7.54136603e-07	2.10365518e-07	0.0299998945	0	100	0	0	3
84	25	0	1.1271876	1.57451202e-07	-4.39324585e-08	-6.86681677e-07	7.54136603e-07	2.35430741e-07	0.0299998945	0	100	0	0	3
85	25	0	1.1406065	4.97533591e-08	-2.77323451e-08	-6.86681677e-07	7.54136603e-07	2.51630855e-07	0.0299998945	0	100	0	0	3
86	26	0	1.1540254	-5.32015937e-08	-2.66771623e-08	-6.86681677e-07	7.54136603e-07	2.52686038e-07	0.0299998945	0	100	0	0	3
87	26	0	1.1674443	-1.50639908e-07	-3.16347851e-08	-6.86681677e-07	7.54136603e-07	2.52686038e-07	0.0299998945	0	100	0	0	3
88	26	0	1.1808632	-4.62211403e-07	-4.6424982e-08	-6.86681677e-07	7.54136603e-07	2.52686038e-07	0.0299998945	0	100	0	0	3
89	27	0	1.1942821	-5.07488628e-07	-6.51330596e-08	-6.86681677e-07	7.54136603e-07	2.52686038e-07	0.0299998945	0	100	0	0	3
90	27	0	1.207701	-4.54921936e-07	-7.98737052e-08	-6.86681677e-07	7.54136603e-07	2.52686038e-07	0.0299998945	0	100	0	0	3
91	27	0	1.2211199	-4.48541962e-07	-9.26501481e-08	-6.86681677e-07	7.54136603e-07	2.52686038e-07	0.0299998945	0	100	0	0	3
92	27	0	1.2345388	-1.71906276e-07	-9.08533015e-08	-6.86681677e-07	7.54136603e-07	2.52686038e-07	0.0299998945	0	100	0	0	3
93	28	0	1.2479577	-1.29400141e-07	-8.24622483e-08	-6.86681677e-07	7.54136603e-07	2.52686038e-07	0.0299998945	0	100	0	0	3
94	28	0	1.2613766	-5.26636189e-08	-7.66494408e-08	-6.86681677e-07	7.54136603e-07	2.52686038e-07	0.0299998945	0	100	0	0	3
95	28	0	1.2747955	2.96861725e-08	-6.88086729e-08	-6.86681677e-07	7.54136603e-07	2.52686038e-07	0.0299998945	0	100	0	0	3
96	28	0	1.2882144	9.36279161e-08	-6.02219171e-08	-6.86681677e-07	7.54136603e-07	2.52686038e-07	0.0299998945	0	100	0	0	3
97	29	0	1.3016333	1.35611641e-07	-4.69195683e-08	-6.86681677e-07	7.54136603e-07	2.52686038e-07	0.0299998945	0	100	0	0	3
98	29	0	1.3150522	3.40833111e-07	-3.53730535e-08	-6.86681677e-07	7.54136603e-07	2.52686038e-07	0.0299998945	0	100	0	0	3
99	29	0	1.3284711	3.13039905e-07	-3.01153329e-08	-6.86681677e-07	7.54136603e-07	2.52686038e-07	0.0299998945	0	100	0	0	3
100	29	0	1.34189	9.51708062e-08	-3.29352797e-08	-6.86681677e-07	7.54136603e-07	2.52686038e-07	0.0299998945	0	100	0	0	3
101	30	0	1.3553089	1.18951783e-07	-3.39072154e-08	-6.86681677e-07	7.54136603e-07	2.52686038e-07	0.0299998945	0	100	0	0	3
